3.625000119209289551e-01
4.698275923728942871e-01
5.124999880790710449e-01
5.862069129943847656e-01
5.583333373069763184e-01
5.344827771186828613e-01
5.625000000000000000e-01
5.583333373069763184e-01
5.124999880790710449e-01
5.583333373069763184e-01
5.387930870056152344e-01
5.818965435028076172e-01
5.291666388511657715e-01
5.208333134651184082e-01
5.666666626930236816e-01
6.379310488700866699e-01
6.250000000000000000e-01
5.666666626930236816e-01
5.603448152542114258e-01
6.166666746139526367e-01
5.833333134651184082e-01
5.916666388511657715e-01
6.125000119209289551e-01
6.291666626930236816e-01
6.000000238418579102e-01
6.625000238418579102e-01
6.208333373069763184e-01
6.551724076271057129e-01
6.250000000000000000e-01
5.874999761581420898e-01
6.465517282485961914e-01
6.750000119209289551e-01
6.625000238418579102e-01
6.875000000000000000e-01
7.416666746139526367e-01
6.551724076271057129e-01
6.708333492279052734e-01
6.336206793785095215e-01
6.853448152542114258e-01
6.982758641242980957e-01
6.916666626930236816e-01
6.551724076271057129e-01
6.551724076271057129e-01
6.875000000000000000e-01
6.958333253860473633e-01
7.198275923728942871e-01
6.791666746139526367e-01
7.375000119209289551e-01
7.041666507720947266e-01
7.715517282485961914e-01
