1.081284642219543457e+00
1.035437822341918945e+00
1.006098389625549316e+00
9.690932035446166992e-01
9.423682093620300293e-01
9.548358321189880371e-01
9.307969212532043457e-01
9.268640875816345215e-01
9.344527721405029297e-01
9.516319632530212402e-01
9.208728671073913574e-01
9.011935591697692871e-01
9.178516864776611328e-01
8.902378678321838379e-01
8.979156017303466797e-01
8.379215598106384277e-01
8.390682935714721680e-01
9.053061604499816895e-01
8.812245726585388184e-01
8.533679842948913574e-01
8.583363890647888184e-01
8.611971735954284668e-01
8.142722845077514648e-01
8.541065454483032227e-01
8.437188863754272461e-01
7.724336981773376465e-01
8.364170193672180176e-01
7.642014622688293457e-01
8.178806304931640625e-01
8.373296260833740234e-01
8.121941685676574707e-01
7.792555093765258789e-01
7.861731648445129395e-01
7.374609112739562988e-01
6.497346162796020508e-01
7.891071438789367676e-01
7.169738411903381348e-01
7.875961661338806152e-01
6.894060969352722168e-01
7.124379277229309082e-01
7.057889699935913086e-01
7.265232205390930176e-01
7.628321051597595215e-01
7.106525897979736328e-01
6.935194730758666992e-01
7.053077816963195801e-01
6.936368346214294434e-01
6.593453288078308105e-01
6.363952755928039551e-01
6.067051291465759277e-01
